https://gamedev.stackexchange.com/questions/91912/c-opengl-building-a-polyhedron-via-geometry-shader
https://stackoverflow.com/questions/14560619/optimizing-cubes-rendering-with-geometry-shader





https://www.gamedev.net/forums/topic/674733-vertex-to-cube-using-geometry-shader/

14 vertices

b = 1 << i

x = ( 0x287a & b ) != 0

0x287a
0010100001111010

b
               1
              10
             100
            1000
           10000
          100000
         1000000
        10000000
       100000000
      1000000000
     10000000000
    100000000000
   1000000000000
  10000000000000

0x287a & b	 
0010100001111010
               0
              10
             000
            1000
           10000
          100000
         1000000
        00000000
       000000000
      0000000000
     00000000000
    100000000000
   0000000000000
  10000000000000

x = (0x287a & b) != 0	 
0010100001111010
               0
               1
               0
               1
               1
               1
               1
               0
               0
               0
               0
               1
               0
               1
			   
-----------------------------------------------------------

y = (0x02af & b) != 0;

0x02af
0000001010101111

b
               1
              10
             100
            1000
           10000
          100000
         1000000
        10000000
       100000000
      1000000000
     10000000000
    100000000000
   1000000000000
  10000000000000
	 
0x02af & b	 
0000001010101111
               1
              10
             100
            1000
           00000
          100000
         0000000
        10000000
       000000000
      1000000000
     00000000000
    000000000000
   0000000000000
  00000000000000 

y = (0x02af & b) != 0  
               1
               1
               1
               1
               0
               1
               0
               1
               0
               1
               0
               0
               0
               0 	 

-----------------------------------------------------------

z = (0x31e3 & b) != 0;

0x31e3
0011000111100011

b
               1
              10
             100
            1000
           10000
          100000
         1000000
        10000000
       100000000
      1000000000
     10000000000
    100000000000
   1000000000000
  10000000000000
 
0x31e3 & b
0011000111100011			   
	 
               1
              10
             000
            0000
           00000
          100000
         1000000
        10000000
       100000000
      0000000000
     00000000000
    000000000000
   1000000000000
  10000000000000	 
	 
z = (0x31e3 & b) != 0
               1
               1
               0
               0
               0
               1
               1
               1
               1
               0
               0
               0
               1
               1	 

-----------------------------------------------------------
			 
			 ( x, y, z )   ID
		     
			 ( 0, 1, 1 )    0
             ( 1, 1, 1 )    1
             ( 0, 1, 0 )    2
			 
             ( 1, 1, 0 )    3
             
			 ( 1, 0, 0 )    4
             
			 ( 1, 1, 1 )    5
             
			 ( 1, 0, 1 )    6
             
			 ( 0, 1, 1 )    7
             
			 ( 0, 0, 1 )    8
             
			 ( 0, 1, 0 )    9
             
			 ( 0, 0, 0 )   10
             
			 ( 1, 0, 0 )   11
             
			 ( 0, 0, 1 )   12
             
			 ( 1, 0, 1 )   13
			
			
			
               
       
	   
	   
	   
	   
	   
	   